{
 "cells": [
  {
   "cell_type": "code",
   "execution_count": 2,
   "metadata": {},
   "outputs": [],
   "source": [
    "import pandas as pd\n",
    "import numpy as np\n",
    "import statsmodels.api as sm\n",
    "import statsmodels.formula.api as smf\n",
    "import seaborn as sns\n",
    "import matplotlib.pyplot as plt\n",
    "from sklearn.linear_model import LinearRegression\n",
    "from sklearn.metrics import PredictionErrorDisplay\n"
   ]
  },
  {
   "cell_type": "code",
   "execution_count": 3,
   "metadata": {},
   "outputs": [
    {
     "data": {
      "text/html": [
       "<div>\n",
       "<style scoped>\n",
       "    .dataframe tbody tr th:only-of-type {\n",
       "        vertical-align: middle;\n",
       "    }\n",
       "\n",
       "    .dataframe tbody tr th {\n",
       "        vertical-align: top;\n",
       "    }\n",
       "\n",
       "    .dataframe thead th {\n",
       "        text-align: right;\n",
       "    }\n",
       "</style>\n",
       "<table border=\"1\" class=\"dataframe\">\n",
       "  <thead>\n",
       "    <tr style=\"text-align: right;\">\n",
       "      <th></th>\n",
       "      <th>timeopen</th>\n",
       "      <th>timeclose</th>\n",
       "      <th>btc_open</th>\n",
       "      <th>btc_high</th>\n",
       "      <th>btc_low</th>\n",
       "      <th>btc_close</th>\n",
       "      <th>btc_vol</th>\n",
       "      <th>eth_open</th>\n",
       "      <th>eth_high</th>\n",
       "      <th>eth_low</th>\n",
       "      <th>eth_close</th>\n",
       "      <th>eth_vol</th>\n",
       "      <th>sol_open</th>\n",
       "      <th>sol_high</th>\n",
       "      <th>sol_low</th>\n",
       "      <th>sol_close</th>\n",
       "      <th>sol_vol</th>\n",
       "    </tr>\n",
       "  </thead>\n",
       "  <tbody>\n",
       "    <tr>\n",
       "      <th>0</th>\n",
       "      <td>2023-09-28</td>\n",
       "      <td>2023-09-28 23:59:59</td>\n",
       "      <td>26355.812395</td>\n",
       "      <td>27259.499223</td>\n",
       "      <td>26327.321712</td>\n",
       "      <td>27021.546765</td>\n",
       "      <td>1.407900e+10</td>\n",
       "      <td>1597.672008</td>\n",
       "      <td>1666.024139</td>\n",
       "      <td>1597.294728</td>\n",
       "      <td>1652.882746</td>\n",
       "      <td>6.658092e+09</td>\n",
       "      <td>1597.672008</td>\n",
       "      <td>1666.024139</td>\n",
       "      <td>1597.294728</td>\n",
       "      <td>1652.882746</td>\n",
       "      <td>6.658092e+09</td>\n",
       "    </tr>\n",
       "    <tr>\n",
       "      <th>1</th>\n",
       "      <td>2023-09-29</td>\n",
       "      <td>2023-09-29 23:59:59</td>\n",
       "      <td>27024.841714</td>\n",
       "      <td>27225.938430</td>\n",
       "      <td>26721.762797</td>\n",
       "      <td>26911.721603</td>\n",
       "      <td>1.039644e+10</td>\n",
       "      <td>1652.999878</td>\n",
       "      <td>1687.281250</td>\n",
       "      <td>1648.656516</td>\n",
       "      <td>1667.943833</td>\n",
       "      <td>5.529688e+09</td>\n",
       "      <td>1652.999878</td>\n",
       "      <td>1687.281250</td>\n",
       "      <td>1648.656516</td>\n",
       "      <td>1667.943833</td>\n",
       "      <td>5.529688e+09</td>\n",
       "    </tr>\n",
       "    <tr>\n",
       "      <th>2</th>\n",
       "      <td>2023-09-30</td>\n",
       "      <td>2023-09-30 23:59:59</td>\n",
       "      <td>26911.689185</td>\n",
       "      <td>27091.795508</td>\n",
       "      <td>26888.967804</td>\n",
       "      <td>26967.916301</td>\n",
       "      <td>5.331173e+09</td>\n",
       "      <td>1667.834491</td>\n",
       "      <td>1692.531165</td>\n",
       "      <td>1666.563877</td>\n",
       "      <td>1671.161811</td>\n",
       "      <td>3.155292e+09</td>\n",
       "      <td>1667.834491</td>\n",
       "      <td>1692.531165</td>\n",
       "      <td>1666.563877</td>\n",
       "      <td>1671.161811</td>\n",
       "      <td>3.155292e+09</td>\n",
       "    </tr>\n",
       "    <tr>\n",
       "      <th>3</th>\n",
       "      <td>2023-10-01</td>\n",
       "      <td>2023-10-01 23:59:59</td>\n",
       "      <td>26967.397433</td>\n",
       "      <td>28047.237710</td>\n",
       "      <td>26965.094292</td>\n",
       "      <td>27983.750382</td>\n",
       "      <td>9.503917e+09</td>\n",
       "      <td>1671.161528</td>\n",
       "      <td>1750.595723</td>\n",
       "      <td>1670.082182</td>\n",
       "      <td>1733.810478</td>\n",
       "      <td>5.054880e+09</td>\n",
       "      <td>1671.161528</td>\n",
       "      <td>1750.595723</td>\n",
       "      <td>1670.082182</td>\n",
       "      <td>1733.810478</td>\n",
       "      <td>5.054880e+09</td>\n",
       "    </tr>\n",
       "    <tr>\n",
       "      <th>4</th>\n",
       "      <td>2023-10-02</td>\n",
       "      <td>2023-10-02 23:59:59</td>\n",
       "      <td>27976.799152</td>\n",
       "      <td>28494.459638</td>\n",
       "      <td>27347.787580</td>\n",
       "      <td>27530.784890</td>\n",
       "      <td>1.979304e+10</td>\n",
       "      <td>1732.984005</td>\n",
       "      <td>1743.563581</td>\n",
       "      <td>1646.077697</td>\n",
       "      <td>1663.627529</td>\n",
       "      <td>8.420553e+09</td>\n",
       "      <td>1732.984005</td>\n",
       "      <td>1743.563581</td>\n",
       "      <td>1646.077697</td>\n",
       "      <td>1663.627529</td>\n",
       "      <td>8.420553e+09</td>\n",
       "    </tr>\n",
       "    <tr>\n",
       "      <th>...</th>\n",
       "      <td>...</td>\n",
       "      <td>...</td>\n",
       "      <td>...</td>\n",
       "      <td>...</td>\n",
       "      <td>...</td>\n",
       "      <td>...</td>\n",
       "      <td>...</td>\n",
       "      <td>...</td>\n",
       "      <td>...</td>\n",
       "      <td>...</td>\n",
       "      <td>...</td>\n",
       "      <td>...</td>\n",
       "      <td>...</td>\n",
       "      <td>...</td>\n",
       "      <td>...</td>\n",
       "      <td>...</td>\n",
       "      <td>...</td>\n",
       "    </tr>\n",
       "    <tr>\n",
       "      <th>395</th>\n",
       "      <td>2024-10-27</td>\n",
       "      <td>2024-10-27 23:59:59</td>\n",
       "      <td>67023.479419</td>\n",
       "      <td>68221.314741</td>\n",
       "      <td>66847.223100</td>\n",
       "      <td>67929.298796</td>\n",
       "      <td>1.672131e+10</td>\n",
       "      <td>2479.937120</td>\n",
       "      <td>2523.171338</td>\n",
       "      <td>2462.271938</td>\n",
       "      <td>2505.940664</td>\n",
       "      <td>9.801435e+09</td>\n",
       "      <td>2479.937120</td>\n",
       "      <td>2523.171338</td>\n",
       "      <td>2462.271938</td>\n",
       "      <td>2505.940664</td>\n",
       "      <td>9.801435e+09</td>\n",
       "    </tr>\n",
       "    <tr>\n",
       "      <th>396</th>\n",
       "      <td>2024-10-28</td>\n",
       "      <td>2024-10-28 23:59:59</td>\n",
       "      <td>67922.674273</td>\n",
       "      <td>70212.269041</td>\n",
       "      <td>67535.131013</td>\n",
       "      <td>69907.754674</td>\n",
       "      <td>3.879986e+10</td>\n",
       "      <td>2505.590509</td>\n",
       "      <td>2587.430142</td>\n",
       "      <td>2470.268340</td>\n",
       "      <td>2565.348033</td>\n",
       "      <td>1.897184e+10</td>\n",
       "      <td>2505.590509</td>\n",
       "      <td>2587.430142</td>\n",
       "      <td>2470.268340</td>\n",
       "      <td>2565.348033</td>\n",
       "      <td>1.897184e+10</td>\n",
       "    </tr>\n",
       "    <tr>\n",
       "      <th>397</th>\n",
       "      <td>2024-10-29</td>\n",
       "      <td>2024-10-29 23:59:59</td>\n",
       "      <td>69910.045366</td>\n",
       "      <td>73577.209658</td>\n",
       "      <td>69729.917830</td>\n",
       "      <td>72720.493575</td>\n",
       "      <td>5.854187e+10</td>\n",
       "      <td>2565.417849</td>\n",
       "      <td>2680.054530</td>\n",
       "      <td>2560.153826</td>\n",
       "      <td>2637.957581</td>\n",
       "      <td>2.218585e+10</td>\n",
       "      <td>2565.417849</td>\n",
       "      <td>2680.054530</td>\n",
       "      <td>2560.153826</td>\n",
       "      <td>2637.957581</td>\n",
       "      <td>2.218585e+10</td>\n",
       "    </tr>\n",
       "    <tr>\n",
       "      <th>398</th>\n",
       "      <td>2024-10-30</td>\n",
       "      <td>2024-10-30 23:59:59</td>\n",
       "      <td>72715.366485</td>\n",
       "      <td>72905.298520</td>\n",
       "      <td>71411.735034</td>\n",
       "      <td>72339.542181</td>\n",
       "      <td>4.064664e+10</td>\n",
       "      <td>2637.640108</td>\n",
       "      <td>2720.271436</td>\n",
       "      <td>2600.609657</td>\n",
       "      <td>2657.372557</td>\n",
       "      <td>2.238269e+10</td>\n",
       "      <td>2637.640108</td>\n",
       "      <td>2720.271436</td>\n",
       "      <td>2600.609657</td>\n",
       "      <td>2657.372557</td>\n",
       "      <td>2.238269e+10</td>\n",
       "    </tr>\n",
       "    <tr>\n",
       "      <th>399</th>\n",
       "      <td>2024-10-31</td>\n",
       "      <td>2024-10-31 23:59:59</td>\n",
       "      <td>72335.044083</td>\n",
       "      <td>72662.309799</td>\n",
       "      <td>69590.502871</td>\n",
       "      <td>70215.185633</td>\n",
       "      <td>4.062791e+10</td>\n",
       "      <td>2657.213210</td>\n",
       "      <td>2667.559482</td>\n",
       "      <td>2501.572346</td>\n",
       "      <td>2515.799222</td>\n",
       "      <td>1.976041e+10</td>\n",
       "      <td>2657.213210</td>\n",
       "      <td>2667.559482</td>\n",
       "      <td>2501.572346</td>\n",
       "      <td>2515.799222</td>\n",
       "      <td>1.976041e+10</td>\n",
       "    </tr>\n",
       "  </tbody>\n",
       "</table>\n",
       "<p>400 rows × 17 columns</p>\n",
       "</div>"
      ],
      "text/plain": [
       "       timeopen            timeclose      btc_open      btc_high  \\\n",
       "0    2023-09-28  2023-09-28 23:59:59  26355.812395  27259.499223   \n",
       "1    2023-09-29  2023-09-29 23:59:59  27024.841714  27225.938430   \n",
       "2    2023-09-30  2023-09-30 23:59:59  26911.689185  27091.795508   \n",
       "3    2023-10-01  2023-10-01 23:59:59  26967.397433  28047.237710   \n",
       "4    2023-10-02  2023-10-02 23:59:59  27976.799152  28494.459638   \n",
       "..          ...                  ...           ...           ...   \n",
       "395  2024-10-27  2024-10-27 23:59:59  67023.479419  68221.314741   \n",
       "396  2024-10-28  2024-10-28 23:59:59  67922.674273  70212.269041   \n",
       "397  2024-10-29  2024-10-29 23:59:59  69910.045366  73577.209658   \n",
       "398  2024-10-30  2024-10-30 23:59:59  72715.366485  72905.298520   \n",
       "399  2024-10-31  2024-10-31 23:59:59  72335.044083  72662.309799   \n",
       "\n",
       "          btc_low     btc_close       btc_vol     eth_open     eth_high  \\\n",
       "0    26327.321712  27021.546765  1.407900e+10  1597.672008  1666.024139   \n",
       "1    26721.762797  26911.721603  1.039644e+10  1652.999878  1687.281250   \n",
       "2    26888.967804  26967.916301  5.331173e+09  1667.834491  1692.531165   \n",
       "3    26965.094292  27983.750382  9.503917e+09  1671.161528  1750.595723   \n",
       "4    27347.787580  27530.784890  1.979304e+10  1732.984005  1743.563581   \n",
       "..            ...           ...           ...          ...          ...   \n",
       "395  66847.223100  67929.298796  1.672131e+10  2479.937120  2523.171338   \n",
       "396  67535.131013  69907.754674  3.879986e+10  2505.590509  2587.430142   \n",
       "397  69729.917830  72720.493575  5.854187e+10  2565.417849  2680.054530   \n",
       "398  71411.735034  72339.542181  4.064664e+10  2637.640108  2720.271436   \n",
       "399  69590.502871  70215.185633  4.062791e+10  2657.213210  2667.559482   \n",
       "\n",
       "         eth_low    eth_close       eth_vol     sol_open     sol_high  \\\n",
       "0    1597.294728  1652.882746  6.658092e+09  1597.672008  1666.024139   \n",
       "1    1648.656516  1667.943833  5.529688e+09  1652.999878  1687.281250   \n",
       "2    1666.563877  1671.161811  3.155292e+09  1667.834491  1692.531165   \n",
       "3    1670.082182  1733.810478  5.054880e+09  1671.161528  1750.595723   \n",
       "4    1646.077697  1663.627529  8.420553e+09  1732.984005  1743.563581   \n",
       "..           ...          ...           ...          ...          ...   \n",
       "395  2462.271938  2505.940664  9.801435e+09  2479.937120  2523.171338   \n",
       "396  2470.268340  2565.348033  1.897184e+10  2505.590509  2587.430142   \n",
       "397  2560.153826  2637.957581  2.218585e+10  2565.417849  2680.054530   \n",
       "398  2600.609657  2657.372557  2.238269e+10  2637.640108  2720.271436   \n",
       "399  2501.572346  2515.799222  1.976041e+10  2657.213210  2667.559482   \n",
       "\n",
       "         sol_low    sol_close       sol_vol  \n",
       "0    1597.294728  1652.882746  6.658092e+09  \n",
       "1    1648.656516  1667.943833  5.529688e+09  \n",
       "2    1666.563877  1671.161811  3.155292e+09  \n",
       "3    1670.082182  1733.810478  5.054880e+09  \n",
       "4    1646.077697  1663.627529  8.420553e+09  \n",
       "..           ...          ...           ...  \n",
       "395  2462.271938  2505.940664  9.801435e+09  \n",
       "396  2470.268340  2565.348033  1.897184e+10  \n",
       "397  2560.153826  2637.957581  2.218585e+10  \n",
       "398  2600.609657  2657.372557  2.238269e+10  \n",
       "399  2501.572346  2515.799222  1.976041e+10  \n",
       "\n",
       "[400 rows x 17 columns]"
      ]
     },
     "execution_count": 3,
     "metadata": {},
     "output_type": "execute_result"
    }
   ],
   "source": [
    "df=pd.read_csv('merged_data.csv')\n",
    "df"
   ]
  },
  {
   "cell_type": "code",
   "execution_count": 4,
   "metadata": {},
   "outputs": [],
   "source": [
    "df['timeopen'] = pd.to_datetime(df['timeopen'])\n",
    "df['timeclose'] = pd.to_datetime(df['timeclose'])"
   ]
  },
  {
   "cell_type": "code",
   "execution_count": 9,
   "metadata": {},
   "outputs": [
    {
     "data": {
      "text/html": [
       "<div>\n",
       "<style scoped>\n",
       "    .dataframe tbody tr th:only-of-type {\n",
       "        vertical-align: middle;\n",
       "    }\n",
       "\n",
       "    .dataframe tbody tr th {\n",
       "        vertical-align: top;\n",
       "    }\n",
       "\n",
       "    .dataframe thead th {\n",
       "        text-align: right;\n",
       "    }\n",
       "</style>\n",
       "<table border=\"1\" class=\"dataframe\">\n",
       "  <thead>\n",
       "    <tr style=\"text-align: right;\">\n",
       "      <th></th>\n",
       "      <th>timeopen</th>\n",
       "      <th>timeclose</th>\n",
       "      <th>btc_open</th>\n",
       "      <th>btc_high</th>\n",
       "      <th>btc_low</th>\n",
       "      <th>btc_close</th>\n",
       "      <th>btc_vol</th>\n",
       "      <th>eth_open</th>\n",
       "      <th>eth_high</th>\n",
       "      <th>eth_low</th>\n",
       "      <th>eth_close</th>\n",
       "      <th>eth_vol</th>\n",
       "      <th>sol_open</th>\n",
       "      <th>sol_high</th>\n",
       "      <th>sol_low</th>\n",
       "      <th>sol_close</th>\n",
       "      <th>sol_vol</th>\n",
       "    </tr>\n",
       "  </thead>\n",
       "  <tbody>\n",
       "    <tr>\n",
       "      <th>timeopen</th>\n",
       "      <td>1.000000</td>\n",
       "      <td>1.000000</td>\n",
       "      <td>0.795647</td>\n",
       "      <td>0.792973</td>\n",
       "      <td>0.801049</td>\n",
       "      <td>0.794599</td>\n",
       "      <td>0.272812</td>\n",
       "      <td>0.454983</td>\n",
       "      <td>0.451924</td>\n",
       "      <td>0.452420</td>\n",
       "      <td>0.447379</td>\n",
       "      <td>0.324617</td>\n",
       "      <td>0.454983</td>\n",
       "      <td>0.451924</td>\n",
       "      <td>0.452420</td>\n",
       "      <td>0.447379</td>\n",
       "      <td>0.324617</td>\n",
       "    </tr>\n",
       "    <tr>\n",
       "      <th>timeclose</th>\n",
       "      <td>1.000000</td>\n",
       "      <td>1.000000</td>\n",
       "      <td>0.795647</td>\n",
       "      <td>0.792973</td>\n",
       "      <td>0.801049</td>\n",
       "      <td>0.794599</td>\n",
       "      <td>0.272812</td>\n",
       "      <td>0.454983</td>\n",
       "      <td>0.451924</td>\n",
       "      <td>0.452420</td>\n",
       "      <td>0.447379</td>\n",
       "      <td>0.324617</td>\n",
       "      <td>0.454983</td>\n",
       "      <td>0.451924</td>\n",
       "      <td>0.452420</td>\n",
       "      <td>0.447379</td>\n",
       "      <td>0.324617</td>\n",
       "    </tr>\n",
       "    <tr>\n",
       "      <th>btc_open</th>\n",
       "      <td>0.795647</td>\n",
       "      <td>0.795647</td>\n",
       "      <td>1.000000</td>\n",
       "      <td>0.996688</td>\n",
       "      <td>0.995770</td>\n",
       "      <td>0.993245</td>\n",
       "      <td>0.445697</td>\n",
       "      <td>0.860487</td>\n",
       "      <td>0.858854</td>\n",
       "      <td>0.852297</td>\n",
       "      <td>0.851066</td>\n",
       "      <td>0.488233</td>\n",
       "      <td>0.860487</td>\n",
       "      <td>0.858854</td>\n",
       "      <td>0.852297</td>\n",
       "      <td>0.851066</td>\n",
       "      <td>0.488233</td>\n",
       "    </tr>\n",
       "    <tr>\n",
       "      <th>btc_high</th>\n",
       "      <td>0.792973</td>\n",
       "      <td>0.792973</td>\n",
       "      <td>0.996688</td>\n",
       "      <td>1.000000</td>\n",
       "      <td>0.994949</td>\n",
       "      <td>0.997662</td>\n",
       "      <td>0.474033</td>\n",
       "      <td>0.857661</td>\n",
       "      <td>0.861783</td>\n",
       "      <td>0.852142</td>\n",
       "      <td>0.855730</td>\n",
       "      <td>0.505377</td>\n",
       "      <td>0.857661</td>\n",
       "      <td>0.861783</td>\n",
       "      <td>0.852142</td>\n",
       "      <td>0.855730</td>\n",
       "      <td>0.505377</td>\n",
       "    </tr>\n",
       "    <tr>\n",
       "      <th>btc_low</th>\n",
       "      <td>0.801049</td>\n",
       "      <td>0.801049</td>\n",
       "      <td>0.995770</td>\n",
       "      <td>0.994949</td>\n",
       "      <td>1.000000</td>\n",
       "      <td>0.996571</td>\n",
       "      <td>0.398043</td>\n",
       "      <td>0.853009</td>\n",
       "      <td>0.853391</td>\n",
       "      <td>0.854336</td>\n",
       "      <td>0.851726</td>\n",
       "      <td>0.440821</td>\n",
       "      <td>0.853009</td>\n",
       "      <td>0.853391</td>\n",
       "      <td>0.854336</td>\n",
       "      <td>0.851726</td>\n",
       "      <td>0.440821</td>\n",
       "    </tr>\n",
       "    <tr>\n",
       "      <th>btc_close</th>\n",
       "      <td>0.794599</td>\n",
       "      <td>0.794599</td>\n",
       "      <td>0.993245</td>\n",
       "      <td>0.997662</td>\n",
       "      <td>0.996571</td>\n",
       "      <td>1.000000</td>\n",
       "      <td>0.443629</td>\n",
       "      <td>0.852509</td>\n",
       "      <td>0.857495</td>\n",
       "      <td>0.852572</td>\n",
       "      <td>0.856659</td>\n",
       "      <td>0.476895</td>\n",
       "      <td>0.852509</td>\n",
       "      <td>0.857495</td>\n",
       "      <td>0.852572</td>\n",
       "      <td>0.856659</td>\n",
       "      <td>0.476895</td>\n",
       "    </tr>\n",
       "    <tr>\n",
       "      <th>btc_vol</th>\n",
       "      <td>0.272812</td>\n",
       "      <td>0.272812</td>\n",
       "      <td>0.445697</td>\n",
       "      <td>0.474033</td>\n",
       "      <td>0.398043</td>\n",
       "      <td>0.443629</td>\n",
       "      <td>1.000000</td>\n",
       "      <td>0.411766</td>\n",
       "      <td>0.440304</td>\n",
       "      <td>0.355392</td>\n",
       "      <td>0.403530</td>\n",
       "      <td>0.901291</td>\n",
       "      <td>0.411766</td>\n",
       "      <td>0.440304</td>\n",
       "      <td>0.355392</td>\n",
       "      <td>0.403530</td>\n",
       "      <td>0.901291</td>\n",
       "    </tr>\n",
       "    <tr>\n",
       "      <th>eth_open</th>\n",
       "      <td>0.454983</td>\n",
       "      <td>0.454983</td>\n",
       "      <td>0.860487</td>\n",
       "      <td>0.857661</td>\n",
       "      <td>0.853009</td>\n",
       "      <td>0.852509</td>\n",
       "      <td>0.411766</td>\n",
       "      <td>1.000000</td>\n",
       "      <td>0.995354</td>\n",
       "      <td>0.993471</td>\n",
       "      <td>0.989761</td>\n",
       "      <td>0.465857</td>\n",
       "      <td>1.000000</td>\n",
       "      <td>0.995354</td>\n",
       "      <td>0.993471</td>\n",
       "      <td>0.989761</td>\n",
       "      <td>0.465857</td>\n",
       "    </tr>\n",
       "    <tr>\n",
       "      <th>eth_high</th>\n",
       "      <td>0.451924</td>\n",
       "      <td>0.451924</td>\n",
       "      <td>0.858854</td>\n",
       "      <td>0.861783</td>\n",
       "      <td>0.853391</td>\n",
       "      <td>0.857495</td>\n",
       "      <td>0.440304</td>\n",
       "      <td>0.995354</td>\n",
       "      <td>1.000000</td>\n",
       "      <td>0.992170</td>\n",
       "      <td>0.996181</td>\n",
       "      <td>0.497927</td>\n",
       "      <td>0.995354</td>\n",
       "      <td>1.000000</td>\n",
       "      <td>0.992170</td>\n",
       "      <td>0.996181</td>\n",
       "      <td>0.497927</td>\n",
       "    </tr>\n",
       "    <tr>\n",
       "      <th>eth_low</th>\n",
       "      <td>0.452420</td>\n",
       "      <td>0.452420</td>\n",
       "      <td>0.852297</td>\n",
       "      <td>0.852142</td>\n",
       "      <td>0.854336</td>\n",
       "      <td>0.852572</td>\n",
       "      <td>0.355392</td>\n",
       "      <td>0.993471</td>\n",
       "      <td>0.992170</td>\n",
       "      <td>1.000000</td>\n",
       "      <td>0.994710</td>\n",
       "      <td>0.409296</td>\n",
       "      <td>0.993471</td>\n",
       "      <td>0.992170</td>\n",
       "      <td>1.000000</td>\n",
       "      <td>0.994710</td>\n",
       "      <td>0.409296</td>\n",
       "    </tr>\n",
       "    <tr>\n",
       "      <th>eth_close</th>\n",
       "      <td>0.447379</td>\n",
       "      <td>0.447379</td>\n",
       "      <td>0.851066</td>\n",
       "      <td>0.855730</td>\n",
       "      <td>0.851726</td>\n",
       "      <td>0.856659</td>\n",
       "      <td>0.403530</td>\n",
       "      <td>0.989761</td>\n",
       "      <td>0.996181</td>\n",
       "      <td>0.994710</td>\n",
       "      <td>1.000000</td>\n",
       "      <td>0.461376</td>\n",
       "      <td>0.989761</td>\n",
       "      <td>0.996181</td>\n",
       "      <td>0.994710</td>\n",
       "      <td>1.000000</td>\n",
       "      <td>0.461376</td>\n",
       "    </tr>\n",
       "    <tr>\n",
       "      <th>eth_vol</th>\n",
       "      <td>0.324617</td>\n",
       "      <td>0.324617</td>\n",
       "      <td>0.488233</td>\n",
       "      <td>0.505377</td>\n",
       "      <td>0.440821</td>\n",
       "      <td>0.476895</td>\n",
       "      <td>0.901291</td>\n",
       "      <td>0.465857</td>\n",
       "      <td>0.497927</td>\n",
       "      <td>0.409296</td>\n",
       "      <td>0.461376</td>\n",
       "      <td>1.000000</td>\n",
       "      <td>0.465857</td>\n",
       "      <td>0.497927</td>\n",
       "      <td>0.409296</td>\n",
       "      <td>0.461376</td>\n",
       "      <td>1.000000</td>\n",
       "    </tr>\n",
       "    <tr>\n",
       "      <th>sol_open</th>\n",
       "      <td>0.454983</td>\n",
       "      <td>0.454983</td>\n",
       "      <td>0.860487</td>\n",
       "      <td>0.857661</td>\n",
       "      <td>0.853009</td>\n",
       "      <td>0.852509</td>\n",
       "      <td>0.411766</td>\n",
       "      <td>1.000000</td>\n",
       "      <td>0.995354</td>\n",
       "      <td>0.993471</td>\n",
       "      <td>0.989761</td>\n",
       "      <td>0.465857</td>\n",
       "      <td>1.000000</td>\n",
       "      <td>0.995354</td>\n",
       "      <td>0.993471</td>\n",
       "      <td>0.989761</td>\n",
       "      <td>0.465857</td>\n",
       "    </tr>\n",
       "    <tr>\n",
       "      <th>sol_high</th>\n",
       "      <td>0.451924</td>\n",
       "      <td>0.451924</td>\n",
       "      <td>0.858854</td>\n",
       "      <td>0.861783</td>\n",
       "      <td>0.853391</td>\n",
       "      <td>0.857495</td>\n",
       "      <td>0.440304</td>\n",
       "      <td>0.995354</td>\n",
       "      <td>1.000000</td>\n",
       "      <td>0.992170</td>\n",
       "      <td>0.996181</td>\n",
       "      <td>0.497927</td>\n",
       "      <td>0.995354</td>\n",
       "      <td>1.000000</td>\n",
       "      <td>0.992170</td>\n",
       "      <td>0.996181</td>\n",
       "      <td>0.497927</td>\n",
       "    </tr>\n",
       "    <tr>\n",
       "      <th>sol_low</th>\n",
       "      <td>0.452420</td>\n",
       "      <td>0.452420</td>\n",
       "      <td>0.852297</td>\n",
       "      <td>0.852142</td>\n",
       "      <td>0.854336</td>\n",
       "      <td>0.852572</td>\n",
       "      <td>0.355392</td>\n",
       "      <td>0.993471</td>\n",
       "      <td>0.992170</td>\n",
       "      <td>1.000000</td>\n",
       "      <td>0.994710</td>\n",
       "      <td>0.409296</td>\n",
       "      <td>0.993471</td>\n",
       "      <td>0.992170</td>\n",
       "      <td>1.000000</td>\n",
       "      <td>0.994710</td>\n",
       "      <td>0.409296</td>\n",
       "    </tr>\n",
       "    <tr>\n",
       "      <th>sol_close</th>\n",
       "      <td>0.447379</td>\n",
       "      <td>0.447379</td>\n",
       "      <td>0.851066</td>\n",
       "      <td>0.855730</td>\n",
       "      <td>0.851726</td>\n",
       "      <td>0.856659</td>\n",
       "      <td>0.403530</td>\n",
       "      <td>0.989761</td>\n",
       "      <td>0.996181</td>\n",
       "      <td>0.994710</td>\n",
       "      <td>1.000000</td>\n",
       "      <td>0.461376</td>\n",
       "      <td>0.989761</td>\n",
       "      <td>0.996181</td>\n",
       "      <td>0.994710</td>\n",
       "      <td>1.000000</td>\n",
       "      <td>0.461376</td>\n",
       "    </tr>\n",
       "    <tr>\n",
       "      <th>sol_vol</th>\n",
       "      <td>0.324617</td>\n",
       "      <td>0.324617</td>\n",
       "      <td>0.488233</td>\n",
       "      <td>0.505377</td>\n",
       "      <td>0.440821</td>\n",
       "      <td>0.476895</td>\n",
       "      <td>0.901291</td>\n",
       "      <td>0.465857</td>\n",
       "      <td>0.497927</td>\n",
       "      <td>0.409296</td>\n",
       "      <td>0.461376</td>\n",
       "      <td>1.000000</td>\n",
       "      <td>0.465857</td>\n",
       "      <td>0.497927</td>\n",
       "      <td>0.409296</td>\n",
       "      <td>0.461376</td>\n",
       "      <td>1.000000</td>\n",
       "    </tr>\n",
       "  </tbody>\n",
       "</table>\n",
       "</div>"
      ],
      "text/plain": [
       "           timeopen  timeclose  btc_open  btc_high   btc_low  btc_close  \\\n",
       "timeopen   1.000000   1.000000  0.795647  0.792973  0.801049   0.794599   \n",
       "timeclose  1.000000   1.000000  0.795647  0.792973  0.801049   0.794599   \n",
       "btc_open   0.795647   0.795647  1.000000  0.996688  0.995770   0.993245   \n",
       "btc_high   0.792973   0.792973  0.996688  1.000000  0.994949   0.997662   \n",
       "btc_low    0.801049   0.801049  0.995770  0.994949  1.000000   0.996571   \n",
       "btc_close  0.794599   0.794599  0.993245  0.997662  0.996571   1.000000   \n",
       "btc_vol    0.272812   0.272812  0.445697  0.474033  0.398043   0.443629   \n",
       "eth_open   0.454983   0.454983  0.860487  0.857661  0.853009   0.852509   \n",
       "eth_high   0.451924   0.451924  0.858854  0.861783  0.853391   0.857495   \n",
       "eth_low    0.452420   0.452420  0.852297  0.852142  0.854336   0.852572   \n",
       "eth_close  0.447379   0.447379  0.851066  0.855730  0.851726   0.856659   \n",
       "eth_vol    0.324617   0.324617  0.488233  0.505377  0.440821   0.476895   \n",
       "sol_open   0.454983   0.454983  0.860487  0.857661  0.853009   0.852509   \n",
       "sol_high   0.451924   0.451924  0.858854  0.861783  0.853391   0.857495   \n",
       "sol_low    0.452420   0.452420  0.852297  0.852142  0.854336   0.852572   \n",
       "sol_close  0.447379   0.447379  0.851066  0.855730  0.851726   0.856659   \n",
       "sol_vol    0.324617   0.324617  0.488233  0.505377  0.440821   0.476895   \n",
       "\n",
       "            btc_vol  eth_open  eth_high   eth_low  eth_close   eth_vol  \\\n",
       "timeopen   0.272812  0.454983  0.451924  0.452420   0.447379  0.324617   \n",
       "timeclose  0.272812  0.454983  0.451924  0.452420   0.447379  0.324617   \n",
       "btc_open   0.445697  0.860487  0.858854  0.852297   0.851066  0.488233   \n",
       "btc_high   0.474033  0.857661  0.861783  0.852142   0.855730  0.505377   \n",
       "btc_low    0.398043  0.853009  0.853391  0.854336   0.851726  0.440821   \n",
       "btc_close  0.443629  0.852509  0.857495  0.852572   0.856659  0.476895   \n",
       "btc_vol    1.000000  0.411766  0.440304  0.355392   0.403530  0.901291   \n",
       "eth_open   0.411766  1.000000  0.995354  0.993471   0.989761  0.465857   \n",
       "eth_high   0.440304  0.995354  1.000000  0.992170   0.996181  0.497927   \n",
       "eth_low    0.355392  0.993471  0.992170  1.000000   0.994710  0.409296   \n",
       "eth_close  0.403530  0.989761  0.996181  0.994710   1.000000  0.461376   \n",
       "eth_vol    0.901291  0.465857  0.497927  0.409296   0.461376  1.000000   \n",
       "sol_open   0.411766  1.000000  0.995354  0.993471   0.989761  0.465857   \n",
       "sol_high   0.440304  0.995354  1.000000  0.992170   0.996181  0.497927   \n",
       "sol_low    0.355392  0.993471  0.992170  1.000000   0.994710  0.409296   \n",
       "sol_close  0.403530  0.989761  0.996181  0.994710   1.000000  0.461376   \n",
       "sol_vol    0.901291  0.465857  0.497927  0.409296   0.461376  1.000000   \n",
       "\n",
       "           sol_open  sol_high   sol_low  sol_close   sol_vol  \n",
       "timeopen   0.454983  0.451924  0.452420   0.447379  0.324617  \n",
       "timeclose  0.454983  0.451924  0.452420   0.447379  0.324617  \n",
       "btc_open   0.860487  0.858854  0.852297   0.851066  0.488233  \n",
       "btc_high   0.857661  0.861783  0.852142   0.855730  0.505377  \n",
       "btc_low    0.853009  0.853391  0.854336   0.851726  0.440821  \n",
       "btc_close  0.852509  0.857495  0.852572   0.856659  0.476895  \n",
       "btc_vol    0.411766  0.440304  0.355392   0.403530  0.901291  \n",
       "eth_open   1.000000  0.995354  0.993471   0.989761  0.465857  \n",
       "eth_high   0.995354  1.000000  0.992170   0.996181  0.497927  \n",
       "eth_low    0.993471  0.992170  1.000000   0.994710  0.409296  \n",
       "eth_close  0.989761  0.996181  0.994710   1.000000  0.461376  \n",
       "eth_vol    0.465857  0.497927  0.409296   0.461376  1.000000  \n",
       "sol_open   1.000000  0.995354  0.993471   0.989761  0.465857  \n",
       "sol_high   0.995354  1.000000  0.992170   0.996181  0.497927  \n",
       "sol_low    0.993471  0.992170  1.000000   0.994710  0.409296  \n",
       "sol_close  0.989761  0.996181  0.994710   1.000000  0.461376  \n",
       "sol_vol    0.465857  0.497927  0.409296   0.461376  1.000000  "
      ]
     },
     "execution_count": 9,
     "metadata": {},
     "output_type": "execute_result"
    }
   ],
   "source": [
    "df.corr()"
   ]
  },
  {
   "cell_type": "code",
   "execution_count": 10,
   "metadata": {},
   "outputs": [
    {
     "data": {
